last-generated=2024-11-06
statistics-initialization=
{
  "nonlinear": "14",
  "numerical Jacobians": "0"
}
statistics-simulation=
{
  "linear": " ",
  "nonlinear": " ",
  "numerical Jacobians": "0"
}
time=[0e+00, 1e+00]
err_V2[1]=[-3.265230059623718e-01, -3.265230059623718e-01]
err_V2[2]=[-5.866017937660217e-01, -5.866017937660217e-01]
err_V2[3]=[-8.308688402175903e-01, -8.308688402175903e-01]
err_V3[1]=[1.332938075065613e-01, 1.332938075065613e-01]
err_V3[2]=[-1.465688552707434e-02, -1.465688552707434e-02]
err_V3[3]=[1.334154605865479e-01, 1.334154605865479e-01]
err_V4[1]=[2.875658273696899e-01, 2.875658273696899e-01]
err_V4[2]=[1.054752711206675e-02, 1.054752711206675e-02]
err_V4[3]=[-5.498384833335876e-01, -5.498384833335876e-01]
err_Theta2[1]=[2.314654120709747e-04, 2.314654120709747e-04]
err_Theta2[2]=[7.110466249287128e-04, 7.110466249287128e-04]
err_Theta2[3]=[7.122518145479262e-04, 7.122518145479262e-04]
err_Theta3[1]=[3.787593741435558e-04, 3.787593741435558e-04]
err_Theta3[2]=[-7.201168045867234e-06, -7.201168045867234e-06]
err_Theta3[3]=[-2.180295814468991e-05, -2.180295814468991e-05]
err_Theta4[1]=[7.338504656217992e-04, 7.338504656217992e-04]
err_Theta4[2]=[8.281824411824346e-04, 8.281824411824346e-04]
err_Theta4[3]=[6.261588423512876e-04, 6.261588423512876e-04]
