last-generated=2019-12-02
statistics-simulation=
{}
extConvForcedCoeffCeiling.hForcedConExt=[1.365528964996338e+01, 1.365528964996338e+01]
extConvForcedCoeffWall.hForcedConExt=[1.365528964996338e+01, 1.365528964996338e+01, 1.365528964996338e+01, 1.365528964996338e+01, 1.365528964996338e+01, 1.365528964996338e+01, 1.365528964996338e+01, 1.365528964996338e+01, 1.365528964996338e+01, 1.365528964996338e+01, 1.365528964996338e+01, 1.365528964996338e+01, 1.365528964996338e+01, 1.365528964996338e+01, 1.365528964996338e+01, 1.365528964996338e+01, 1.365528964996338e+01, 1.365528964996338e+01, 1.365528964996338e+01, 1.365528964996338e+01, 1.365528964996338e+01, 1.365528964996338e+01, 1.365528964996338e+01, 1.365528964996338e+01, 1.365528964996338e+01, 1.365528964996338e+01, 1.365528651660132e+01, 9.582809448242188e+00, 9.582809448242188e+00, 9.582809448242188e+00, 9.582809448242188e+00, 9.582809448242188e+00, 9.582809448242188e+00, 9.582809448242188e+00, 9.582809448242188e+00, 9.582809448242188e+00, 9.582809448242188e+00, 9.582809448242188e+00, 9.582809448242188e+00, 9.582809448242188e+00, 9.582809448242188e+00, 9.582809448242188e+00, 9.582809448242188e+00, 9.582809448242188e+00, 9.582809448242188e+00, 9.582809448242188e+00, 9.582809448242188e+00, 9.582809448242188e+00, 9.582809448242188e+00, 1.365528651660132e+01, 1.365528964996338e+01, 1.365528964996338e+01, 1.365528964996338e+01, 1.365528964996338e+01, 1.365528964996338e+01, 1.365528964996338e+01, 1.365528964996338e+01, 1.365528964996338e+01, 1.365528964996338e+01, 1.365528964996338e+01, 1.365528964996338e+01, 1.365528964996338e+01, 1.365528964996338e+01, 1.365528964996338e+01, 1.365528964996338e+01, 1.365528964996338e+01, 1.365528964996338e+01, 1.365528964996338e+01, 1.365528964996338e+01, 1.365528964996338e+01, 1.365528964996338e+01, 1.365528964996338e+01, 1.365528964996338e+01, 1.365528964996338e+01, 1.365528964996338e+01, 1.365528964996338e+01, 1.365528651664801e+01, 9.582809448242188e+00, 9.582809448242188e+00, 9.582809448242188e+00, 9.582809448242188e+00, 9.582809448242188e+00, 9.582809448242188e+00, 9.582809448242188e+00, 9.582809448242188e+00, 9.582809448242188e+00, 9.582809448242188e+00, 9.582809448242188e+00, 9.582809448242188e+00, 9.582809448242188e+00, 9.582809448242188e+00, 9.582809448242188e+00, 9.582809448242188e+00, 9.582809448242188e+00, 9.582809448242188e+00, 9.582809448242188e+00, 9.582809448242188e+00, 9.582809448242188e+00, 9.582809448242188e+00, 1.365528651664801e+01, 1.365528964996338e+01]
extConvForcedCoeffFloor.hForcedConExt=[9.582809448242188e+00, 9.582809448242188e+00]
time=[0e+00, 1e+00]
extConvForcedCoeffWall.azi=[-1.570796370506287e+00, -1.570796370506287e+00]
