last-generated=2024-11-06
statistics-initialization=
{
  "nonlinear": "18",
  "numerical Jacobians": "0"
}
statistics-simulation=
{
  "linear": " ",
  "nonlinear": " ",
  "numerical Jacobians": "0"
}
time=[0e+00, 1e+00]
err_V2[1]=[4.316007196903229e-01, 4.316007196903229e-01]
err_V2[2]=[1.223234757781029e-01, 1.223234757781029e-01]
err_V2[3]=[3.146918416023254e-01, 3.146918416023254e-01]
err_V3[1]=[4.345555603504181e-01, 4.345555603504181e-01]
err_V3[2]=[1.895202696323395e-02, 1.895202696323395e-02]
err_V3[3]=[-3.36284339427948e-01, -3.36284339427948e-01]
err_V4[1]=[-4.393852055072784e-01, -4.393852055072784e-01]
err_V4[2]=[-3.885531332343817e-03, -3.885531332343817e-03]
err_V4[3]=[1.916988007724285e-02, 1.916988007724285e-02]
err_Theta2[1]=[-3.347003657836467e-04, -3.347003657836467e-04]
err_Theta2[2]=[-8.522665593773127e-04, -8.522665593773127e-04]
err_Theta2[3]=[8.101001149043441e-04, 8.101001149043441e-04]
err_Theta3[1]=[8.671749965287745e-04, 8.671749965287745e-04]
err_Theta3[2]=[4.697703989222646e-04, 4.697703989222646e-04]
err_Theta3[3]=[4.433532303664833e-04, 4.433532303664833e-04]
err_Theta4[1]=[-5.2225700346753e-04, -5.2225700346753e-04]
err_Theta4[2]=[-4.375602875370532e-04, -4.375602875370532e-04]
err_Theta4[3]=[-6.58369273878634e-04, -6.58369273878634e-04]
