last-generated=2024-11-06
statistics-initialization=
{
  "nonlinear": "18",
  "numerical Jacobians": "0"
}
statistics-simulation=
{
  "linear": " ",
  "nonlinear": " ",
  "numerical Jacobians": "0"
}
time=[0e+00, 1e+00]
err_V2[1]=[8.788983337581158e-03, 8.788983337581158e-03]
err_V2[2]=[2.615649998188019e-01, 2.615649998188019e-01]
err_V2[3]=[-2.360186129808426e-01, -2.360186129808426e-01]
err_V3[1]=[-2.620090842247009e-01, -2.620090842247009e-01]
err_V3[2]=[4.544135332107544e-01, 4.544135332107544e-01]
err_V3[3]=[3.613143265247345e-01, 3.613143265247345e-01]
err_V4[1]=[-3.773878514766693e-01, -3.773878514766693e-01]
err_V4[2]=[4.047415554523468e-01, 4.047415554523468e-01]
err_V4[3]=[-3.373101055622101e-01, -3.373101055622101e-01]
err_Theta2[1]=[2.082514110952616e-04, 2.082514110952616e-04]
err_Theta2[2]=[4.108928260393441e-04, 4.108928260393441e-04]
err_Theta2[3]=[8.652280666865408e-04, 8.652280666865408e-04]
err_Theta3[1]=[3.333764470880851e-05, 3.333764470880851e-05]
err_Theta3[2]=[-1.37064271257259e-04, -1.37064271257259e-04]
err_Theta3[3]=[6.210875581018627e-04, 6.210875581018627e-04]
err_Theta4[1]=[-4.465444653760642e-04, -4.465444653760642e-04]
err_Theta4[2]=[6.282308022491634e-04, 6.282308022491634e-04]
err_Theta4[3]=[2.412733156234026e-04, 2.412733156234026e-04]
