last-generated=2024-11-06
statistics-initialization=
{
  "nonlinear": "18",
  "numerical Jacobians": "0"
}
statistics-simulation=
{
  "linear": " ",
  "nonlinear": " ",
  "numerical Jacobians": "0"
}
time=[0e+00, 1e+00]
err_V2[1]=[4.157256335020065e-03, 4.157256335020065e-03]
err_V2[2]=[-3.352387845516205e-01, -3.352387845516205e-01]
err_V2[3]=[-3.279883563518524e-01, -3.279883563518524e-01]
err_V3[1]=[-4.866353571414948e-01, -4.866353571414948e-01]
err_V3[2]=[3.350163623690605e-02, 3.350163623690605e-02]
err_V3[3]=[2.596753649413586e-02, 2.596753649413586e-02]
err_V4[1]=[-4.178770184516907e-01, -4.178770184516907e-01]
err_V4[2]=[-4.090601801872253e-01, -4.090601801872253e-01]
err_V4[3]=[-4.669099748134613e-01, -4.669099748134613e-01]
err_Theta2[1]=[1.972882892005146e-04, 1.972882892005146e-04]
err_Theta2[2]=[2.001358807319775e-04, 2.001358807319775e-04]
err_Theta2[3]=[3.233008610550314e-04, 3.233008610550314e-04]
err_Theta3[1]=[-5.342900840332732e-05, -5.342900840332732e-05]
err_Theta3[2]=[-7.155961793614551e-05, -7.155961793614551e-05]
err_Theta3[3]=[-4.979160803486593e-05, -4.979160803486593e-05]
err_Theta4[1]=[-1.199315156554803e-04, -1.199315156554803e-04]
err_Theta4[2]=[1.051148632541299e-03, 1.051148632541299e-03]
err_Theta4[3]=[-6.7186972592026e-04, -6.7186972592026e-04]
